RMSE: 11.456884902798167
MAE: 1.7249318766960873
MSE: 131.26021167596457
R² Score: 0.012240286024243097